x = 0.1234556978925165165651551616
format long
x